0                  0
0.02               0.0004
0.04               0.0016
0.06               0.0036
0.08               0.0064
0.1                0.01
0.12               0.0144
0.14               0.0196
0.16               0.0256
0.18               0.0324
0.2                0.04
0.22               0.0484
0.24               0.0576
0.26               0.0676
0.28               0.0784
0.3                0.09
0.32               0.1024
0.34               0.1156
0.36               0.1296
0.38               0.1444
0.4                0.16
0.42               0.1764
0.44               0.1936
0.46               0.2116
0.48               0.2304
0.5                0.25
0.52               0.2704
0.54               0.2916
0.56               0.3136
0.58               0.3364
0.6                0.36
0.62               0.3844
0.64               0.4096
0.66               0.4356
0.68               0.4624
0.7                0.49
0.72               0.5184
0.74               0.547600000000001
0.76               0.577600000000001
0.78               0.608400000000001
0.8                0.640000000000001
0.82               0.672400000000001
0.84               0.705600000000001
0.86               0.739600000000001
0.88               0.774400000000001
0.9                0.810000000000001
0.92               0.846400000000001
0.940000000000001  0.883600000000001
0.960000000000001  0.921600000000001
0.980000000000001  0.960400000000001
1                  1
1.02               1.0404
1.04               1.0816
1.06               1.1236
1.08               1.1664
1.1                1.21
1.12               1.2544
1.14               1.2996
1.16               1.3456
1.18               1.3924
1.2                1.44
1.22               1.4884
1.24               1.5376
1.26               1.5876
1.28               1.6384
1.3                1.69
1.32               1.7424
1.34               1.7956
1.36               1.8496
1.38               1.9044
1.4                1.96
1.42               2.0164
1.44               2.0736
1.46               2.1316
1.48               2.1904
1.5                2.25
1.52               2.3104
1.54               2.3716
1.56               2.4336
1.58               2.4964
1.6                2.56
1.62               2.6244
1.64               2.6896
1.66               2.7556
1.68               2.8224
1.7                2.89
1.72               2.9584
1.74               3.0276
1.76               3.0976
1.78               3.1684
1.8                3.24
1.82               3.3124
1.84               3.3856
1.86               3.4596
1.88               3.5344
1.9                3.61
1.92               3.6864
1.94               3.76360000000001
1.96               3.84160000000001
1.98               3.92040000000001
2                  4.00000000000001
2.02               4.08040000000001
2.04               4.16160000000001
2.06               4.24360000000001
2.08               4.32640000000001
2.1                4.41000000000001
2.12               4.49440000000001
2.14               4.57960000000001
2.16               4.66560000000001
2.18               4.75240000000001
2.2                4.84000000000001
2.22               4.92840000000001
2.24               5.01760000000001
2.26               5.10760000000001
2.28               5.19840000000001
2.3                5.29000000000001
2.32               5.38240000000001
2.34               5.47560000000001
2.36               5.56960000000001
2.38               5.66440000000001
2.4                5.76000000000001
2.42               5.85640000000001
2.44               5.95360000000001
2.46               6.05160000000001
2.48               6.15040000000001
2.5                6.25000000000001
2.52               6.35040000000001
2.54               6.45160000000001
2.56               6.55360000000001
2.58               6.65640000000001
2.6                6.76000000000001
2.62               6.86440000000001
2.64               6.96960000000001
2.66               7.07560000000001
2.68               7.18240000000001
2.7                7.29000000000001
2.72               7.39840000000001
2.74               7.50760000000001
2.76               7.61760000000001
2.78               7.72840000000001
2.8                7.84000000000001
2.82               7.95240000000001
2.84               8.06560000000001
2.86               8.17960000000001
2.88               8.29440000000001
2.9                8.41000000000001
2.92               8.52640000000001
2.94               8.64360000000001
2.96               8.76160000000001
2.98               8.88040000000001
3                  9.00000000000001
3.02               9.12040000000001
3.04               9.24160000000001
3.06               9.36360000000001
3.08               9.48640000000001
3.1                9.61000000000001
3.12               9.73440000000002
3.14               9.85960000000001
3.16               9.98560000000002
3.18               10.1124
3.2                10.24
3.22               10.3684
3.24               10.4976
3.26               10.6276
3.28               10.7584
3.3                10.89
3.32               11.0224
3.34               11.1556
3.36               11.2896
3.38               11.4244
3.4                11.56
3.42               11.6964
3.44               11.8336
3.46               11.9716
3.48               12.1104
3.5                12.25
3.52               12.3904
3.54               12.5316
3.56               12.6736
3.58               12.8164
3.6                12.96
3.62               13.1044
3.64               13.2496
3.66               13.3956
3.68               13.5424
3.7                13.69
3.72               13.8384
3.74               13.9876
3.76               14.1376
3.78               14.2884
3.8                14.44
3.82               14.5924
3.84               14.7456
3.86               14.8996
3.88               15.0544
3.9                15.21
3.92               15.3664
3.94               15.5236
3.96               15.6816
3.98               15.8404
4                  16
4.02               16.1604
4.04               16.3216
4.06               16.4836
4.08               16.6464
4.1                16.81
4.12               16.9744
4.14               17.1396
4.16               17.3056
4.18               17.4724
4.2                17.64
4.22               17.8084
4.24               17.9776
4.26               18.1476
4.28               18.3184
4.3                18.49
4.32               18.6624
4.34               18.8356
4.35999999999999   19.0096
4.37999999999999   19.1844
4.39999999999999   19.3599999999999
4.41999999999999   19.5363999999999
4.43999999999999   19.7135999999999
4.45999999999999   19.8915999999999
4.47999999999999   20.0703999999999
4.49999999999999   20.2499999999999
4.51999999999999   20.4303999999999
4.53999999999999   20.6115999999999
4.55999999999999   20.7935999999999
4.57999999999999   20.9763999999999
4.59999999999999   21.1599999999999
4.61999999999999   21.3443999999999
4.63999999999999   21.5295999999999
4.65999999999999   21.7155999999999
4.67999999999999   21.9023999999999
4.69999999999999   22.0899999999999
4.71999999999999   22.2783999999999
4.73999999999999   22.4675999999999
4.75999999999999   22.6575999999999
4.77999999999999   22.8483999999999
4.79999999999999   23.0399999999999
4.81999999999999   23.2323999999999
4.83999999999998   23.4255999999999
4.85999999999998   23.6195999999998
4.87999999999998   23.8143999999998
4.89999999999998   24.0099999999998
4.91999999999998   24.2063999999998
4.93999999999998   24.4035999999998
4.95999999999998   24.6015999999998
4.97999999999998   24.8003999999998
4.99999999999998   24.9999999999998
